51 25 82 25 82 25 82 25 82 25 92 82 25 92 82 92 25 92 82 82 93 23 24 58 23 92 75 31 59 77 73 32 23 59 35 23 65 32 59 31 58 23 31 23 19 64 92 88 79 35 11 72 23 55 77 11 92 35 23 14 23 19 64 85 14 64 39 64 73 59 32
39 32 14 32 73 23 65 59 32 23 64 73 63 64 85 59 82 11 58 23 88 23 31 23 14 64 11 23 57 23 59 32 17 72 23 46 39 64 19 35 75 23 31 58 23 19 39 64 19 35 75 72 23 16 32 92 64 85 31 17 23 14 23 92 39 31 52 59 64 65
83 64 75 19 35 83 32 23 25 23 19 64 14 35 39 23 57 73 64 75 64 14 64 17 23 59 64 39 65 35 75 77 59 64 92 64 23 19 88 73 35 59 88 31 23 57 75 82 38 35 68 88 63 23 84 32 59 73 39 35 75 77 59 64 92 64 23 57 64 14 32 73 35
59 35 39 64 85 59 64 92 64 23 63 64 52 31 17 57 73 14 35 23 25 23 19 75 32 57 59 82 75 23 83 88 19 31 73 83 64 65 23 88 23 64 79 14 35 39 88 75 23 65 59 32 23 75 32 14 43 17 23 79 64 83 72 23 66 35 83 35 31
92 35 85 88 59 35 58 23 35 23 32 68 32 23 19 39 64 75 32 73 35 39 88 17 72 23 44 64 57 19 64 85 88 58 23 79 64 38 32 23 65 64 17 23 25 23 83 35 83 23 79 64 75 77 59 64 93 23 69 64 23 83 64 57 73 32 17 23 19 39 64 32 75 64
83 88 19 31 73 64 33 83 64 65 72 23 15 23 73 32 19 32 39 77 23 14 64 11 58 23 14 64 11 58 23 85 35 23 39 35 52 14 32 23 14 64 32 65 23 19 64 65 64 38 32 47 77 72
23 89 32 65 23 31 23 32 65 82 23 19 64 65 32 47 35 75 37 23 16 32 82 38 32 75 88 23 31 23 64 79 64 38 39 82 23 57 64 14 32 73 23 59 35 39 64 85 59 64 92 64 23 63 64 52 31 17 57 73 14 35 58 23 32 57 75 88 23 14
19 64 65 64 17 83 32 23 19 64 39 64 11 57 77 37 23 28 35 85 59 35 31 23 73 14 35 39 77 93 23 55 43 23 92 75 31 59 77 73 32 23 83 64 92 85 35 25 59 88 79 82 85 77 23 59 35 23 32 92 64 23 39 64 38 82 74 23 14 32 85 77 23 64 59
19 64 19 32 39 32 83 23 57 32 79 31 23 47 88 39 32 72 23 55 64 39 23 57 23 65 32 85 59 64 17 23 65 64 39 85 64 17 72 23 13 63 58 23 75 11 85 88 58 23 75 11 85 88 72 23 55 23 19 64 75 85 32 59 77 23 82 92 64 57 73 88 75
65 32 59 31 23 83 64 75 19 35 83 23 83 88 19 31 73 83 64 65 58 23 35 23 57 32 17 33 35 57 23 57 73 32 65 59 32 75 64 58 23 33 35 57 35 23 33 32 73 43 39 32 23 19 39 88 79 75 88 52 88 73 32 75 77 59 64
19 64 19 64 75 82 85 59 31 58 23 57 82 85 31 23 19 64 23 73 64 65 82 58 23 83 35 83 23 75 82 83 64 65 23 19 35 63 59 32 73 23 88 52 23 19 64 38 35 39 59 64 17 23 19 39 32 33 88 57 73 32 59 57 83 64 17 23 83 64 65 35 59 85 43 72
46 64 38 35 39 59 43 32 23 82 38 88 59 35 11 73 23 83 35 47 32 17 58 23 83 35 83 23 14 35 65 23 88 52 14 32 57 73 59 64 72 23 16 64 23 86 73 64 23 25 23 46 64 57 75 32 85 59 32 32 23 85 32 75 64 58 23 14 39 64 85 32
92 39 88 79 64 14 72 23 27 59 35 83 64 65 43 32 23 19 57 43 23 57 23 46 39 32 33 88 57 73 32 59 83 88 58 23 14 19 39 64 33 32 65 58 23 39 35 57 57 83 35 52 43 14 35 75 88 58 23 79 82 85 73 64 23 79 43 23 59 35
16 32 92 75 88 59 59 64 65 23 14 23 39 32 57 73 64 39 35 59 32 23 79 35 39 23 38 39 82 73 23 85 32 38 82 39 59 64 32 23 79 75 11 85 64 23 25 23 92 39 88 79 43 58 23 57 64 82 57 23 19 88 83 35 59 23 19 64 23 23 39 72
23 83 72 23 19 64 39 84 88 31 72 23 78 73 64 23 85 32 75 64 23 59 35 23 75 11 79 88 73 32 75 31 23 14 57 32 23 39 35 14 59 64 58 23 33 73 64 23 83 35 75 64 47 82 23 75 88 52 35 73 77 72 72 72
51 25 82 25 82 25 82 25 82 72 72
